camera 0 0 10 0 0 0 0 1 0
screen 90 1.333333 0.3 2000
model 8.5 15 0 17 30 1
color 220 10 10
thickness 2

# TOES
mesh 63 45
10 9    #0
2 1     #1
17 1    #2
14 3    #3
5 3     #4
9 1     #5
9 3     #6

# LEGS
6 3     #7
5 9     #8
9 9     #9
13 9    #10
12 3    #11

# BEAUTIFUL PANTS 
7 4     #12
8 3     #13
7 6     #14
6 7     #15
7 8     #16
8 7     #17
11 4    #18
10 5    #19
11 6    #20
12 5    #21
10 9    #22
11 8    #23
12 9    #24

# BODY
13 17   #25
10 18   #26
8 18    #27
5 17    #28

# RIGHT ARM
16 9    #29
16 7    #30
14 7    #31
14 8    #32
13 8    #33

# LEFT ARM
5 8     #34
4 8     #35
4 7     #36
2 7     #37
2 9     #38

# HEAD
13 20   #39
14 19   #40
14 21   #41
16 20   #42
15 22   #43
17 22   #44
15 24   #45
16 24   #46
14 26   #47
14 27   #48
12 27   #49
11 29   #50
7 29    #51
6 27    #52
4 27    #53
4 26    #54
2 24    #55
3 24    #56
1 22    #57
3 22    #58
2 20    #59
4 21    #60
4 19    #61
5 20    #62

# TRIANGLES
1 4 5    0 0 1
4 5 6    0 0 1
5 6 3    0 0 1
5 3 2    0 0 1
7 8 9    0 0 1
9 7 6    0 0 1
6 9 10   0 0 1
10 11 6  0 0 1
10 25 26 0 0 1
10 26 27 0 0 1
10 27 28 0 0 1
10 28 8  0 0 1
28 8 38  0 0 1 
38 37 36 0 0 1
38 36 35 0 0 1
38 35 34 0 0 1
38 34 8  0 0 1
25 29 10 0 0 1
29 30 31 0 0 1
29 31 32 0 0 1
29 32 33 0 0 1
29 33 10 0 0 1
26 49 39 0 0 1
49 39 48 0 0 1
39 48 47 0 0 1
39 45 47 0 0 1
45 46 47 0 0 1
39 40 41 0 0 1
39 41 45 0 0 1
41 42 43 0 0 1
43 44 45 0 0 1
41 43 45 0 0 1
49 51 50 0 0 1
49 52 51 0 0 1
62 52 27 0 0 1
52 27 49 0 0 1
49 27 26 0 0 1
52 53 54 0 0 1
52 54 62 0 0 1
62 61 60 0 0 1
60 59 58 0 0 1
58 57 56 0 0 1
56 55 54 0 0 1
62 58 56 0 0 1
62 56 54 0 0 1
figure 
