camera 0 0 -4 0 0 0 0 1 0
screen 90 1.333333 2 2000

ambient 0.24725 0.1995 0.0745
diffuse 0.75164 0.60648 0.22648
specular 0.628281 0.555802 0.366065
shininess 0.4

model 0.5 0.433 0.4082 1 0.866 0.8165

mesh 3 1
0.0 0.0 0.0 0 -0.999 0.035       #a
0.5 0.2887 0.8165 0 -0.999 0.035 #c
1 0.0 0.0 0 -0.999 0.035         #b
0 1 2

mesh 3 1
0 0 0 -0.946 0.546 0.386             #a
0.5 0.2887 0.8165 -0.946 0.546 0.386 #c
0.5 0.866 0 -0.946 0.546 0.386       #d
0 1 2

mesh 3 1
0 0 0 0 0 -1       #a
1 0 0 0 0 -1       #b
0.5 0.866 0 0 0 -1 #d
0 1 2

mesh 3 1
1 0 0 0.946 0.546 0.386             #b
0.5 0.2887 0.8165 0.946 0.546 0.386 #c
0.5 0.866 0 0.946 0.546 0.386       #d
0 1 2

figure
